Dato 2024-02-03
Galleri
00000
00000
00000
00000
Parkett
000000000000000000xxxx000000
000000000000000000xxxx000000
0000000000100000000000000000
0000011100100000000000000000
0000000000100000000000000000
1110000000100000000000000000
0000000000000000000000000000
0000000000000000000000000000
0000000000000000000000000000
0000000000000000000000000000
0000000000000000000000000000
0000000000001100000000000000
0000000000000110000000000000
0000000000000011000000000000
0000000000000001100000000000
0000000001111111111000000000
1111111111111111111000000000
0000000000111111111111111111
